1+1
Z<-c(1:3)
Z
